
-------
OUTPUT:  
![output](https://raw.githubusercontent.com/riodw/CS122-Graphic-Interface/master/Project%203%20-%20Music/output.png)
```
run:
A default Music object: 				8 -4 6 0 0 0 0 0 0 0 
An explicit Music object: 				0 0 9 0 2 -6 0 
The same object trimmed: 				9 0 2 -6 0 
The number of eliminated noises with a limit of 5: 	2
The same object trimmed with a noise elimination of 5: 	5 0 2 -5 0 

A default Music object made with ArrayLists: 		-2 -2 0 1 -2 -1 6 -6 0 0 
An explicit Music object made with ArrayLists: 		0 0 9 0 2 -6 0 
The same object trimmed: 				9 0 2 -6 0 
The number of eliminated noises with a limit of 5: 	2
The same object trimmed with a noise elimination of 5: 	5 0 2 -5 0 

Magic Square of dimension 5:
11	18	25	2	9	
10	12	19	21	3	
4	6	13	20	22	
23	5	7	14	16	
17	24	1	8	15	

TransposeOne Magic Square:
11	10	4	23	17	
18	12	6	5	24	
25	19	13	7	1	
2	21	20	14	8	
9	3	22	16	15	

TransposeTwo Magic Square:
15	16	22	3	9	
8	14	20	21	2	
1	7	13	19	25	
24	5	6	12	18	
17	23	4	10	11	
```
